$ 1 0.000005 10.20027730826997 50 5 50 5e-11
v 128 192 128 224 0 0 40 4.5 0 0 0.5
v 128 224 128 256 0 0 40 4.5 0 0 0.5
370 160 384 240 384 1 0 0
w 240 384 272 384 0
370 400 384 448 384 1 0 0
w 480 384 592 384 0
r 592 320 592 176 0 1000
w 592 384 592 320 0
w 592 176 592 64 0
w 576 64 592 64 0
r 576 64 512 64 0 200
w 480 64 512 64 0
p 480 384 480 64 3 0 0
w 384 384 400 384 0
370 384 384 384 304 1 0 0
w 384 304 384 224 0
r 384 224 384 112 0 20
w 384 112 384 64 0
w 480 64 464 64 0
w 384 64 400 64 0
370 464 64 400 64 1 0 0
w 384 64 352 64 0
w 128 384 160 384 0
370 352 64 288 64 1 0 0
w 288 64 272 64 0
w 272 64 272 112 0
p 272 320 272 112 3 0 0
w 272 320 272 384 0
w 272 384 384 384 0
w 272 64 240 64 0
r 240 64 160 64 0 330
w 160 64 128 64 0
w 128 64 128 192 0
w 128 384 128 256 0
w 448 384 480 384 0
