$ 1 0.000005 10.20027730826997 50 5 50 5e-11
v 48 128 48 256 0 0 40 4.5 0 0 0.5
v 48 256 48 384 0 0 40 4.5 0 0 0.5
370 48 384 192 384 1 0 0
w 192 384 272 384 0
r 272 384 448 384 0 1000
370 448 384 592 384 1 0 0
w 592 384 592 304 0
r 592 304 592 208 0 200
w 592 208 592 128 0
370 592 128 496 128 1 0 0
370 384 128 288 128 1 0 0
r 496 128 384 128 0 20
r 288 128 176 128 0 330
370 176 128 48 128 1 0 0
w 272 384 272 464 0
w 448 384 448 464 0
p 272 464 448 464 3 0 0
w 592 208 656 208 0
w 592 304 656 304 0
p 656 304 656 208 3 0 0
w 496 128 496 64 0
w 384 128 384 64 0
p 496 64 384 64 3 0 0
w 288 128 288 64 0
w 176 128 176 64 0
p 288 64 176 64 3 0 0
