$ 1 0.000005 10.20027730826997 50 5 50 5e-11
v 96 144 96 384 0 0 40 6.5 0 0 0.5
w 96 384 192 384 0
w 192 384 192 368 0
r 192 368 192 288 0 12
w 192 288 192 272 0
w 192 272 208 272 0
r 208 272 304 272 0 1e-9
w 304 272 320 272 0
w 192 384 320 384 0
w 320 272 320 288 0
r 320 288 320 368 0 4
w 320 384 320 368 0
w 192 272 192 256 0
r 192 256 192 160 0 6
w 192 160 192 144 0
w 96 144 112 144 0
w 192 144 176 144 0
r 112 144 176 144 0 2
w 192 144 208 160 0
w 320 272 304 256 0
r 208 160 240 192 0 2
r 304 256 272 224 0 4
w 240 192 256 208 0
w 272 224 256 208 0
w 256 208 272 192 0
w 192 144 208 144 0
w 320 272 320 256 0
r 320 256 320 160 0 2
w 320 160 320 144 0
w 320 144 304 144 0
r 208 144 304 144 0 1
w 320 144 304 160 0
r 272 192 304 160 0 8
