$ 1 0.000005 10.20027730826997 50 5 50 5e-11
w 112 368 128 368 0
370 192 368 128 368 1 0 0
w 192 368 208 368 0
w 208 368 208 320 0
p 208 176 208 320 3 0 0
w 208 176 208 128 0
w 208 128 192 128 0
370 128 128 192 128 1 0 0
w 128 128 112 128 0
w 208 368 288 368 0
w 288 368 288 320 0
r 288 320 288 176 0 330
w 288 176 288 128 0
w 288 128 208 128 0
w 288 368 352 368 0
w 352 368 352 320 0
p 352 176 352 320 3 0 0
w 352 176 352 128 0
w 352 128 288 128 0
w 352 368 432 368 0
w 432 368 432 352 0
370 432 288 432 352 1 0 0
r 432 288 432 176 0 20
w 432 176 432 128 0
w 432 128 352 128 0
w 432 368 496 368 0
w 496 368 496 320 0
p 496 176 496 320 3 0 0
w 496 176 496 128 0
w 496 128 432 128 0
w 496 368 576 368 0
w 576 368 576 352 0
r 576 352 576 256 0 200
w 576 256 576 224 0
370 576 160 576 224 1 0 0
w 576 160 576 128 0
w 576 128 496 128 0
w 576 368 656 368 0
w 656 368 656 320 0
p 656 176 656 320 3 0 0
w 656 176 656 128 0
w 656 128 576 128 0
w 656 368 720 368 0
w 720 368 720 352 0
370 720 272 720 352 1 0 0
w 720 272 720 256 0
r 720 256 720 144 0 1000
w 720 144 720 128 0
w 720 128 656 128 0
v 112 256 112 128 0 0 40 4.5 0 0 0.5
v 112 368 112 256 0 0 40 4.5 0 0 0.5
